[splashscreen.png]
filters=PencilSketch=1,1.300000,200.000000,0.000000;finetune2=1,0.000000,0.000000,0.480000,00000000,-1.000000;
moddate=74c5af329822d101
width=1280
height=768
textactive=0
